683
206
919
250
605
563
833
59
801
240
456
919
127
112
451
366
218
890
934
102
51
252
651
752
167
543
693
444
331
679
243
229
292
747
811
399
58
541
256
383
31
695
851
605
711
919
428
658
552
659
666
423
953
942
118
474
218
774
818
40
666
790
722
591
191
229
17
456
51
164
739
680
836
651
512
601
858
182
211
519
19
502
633
815
59
942
952
536
526
780
348
519
156
400
182
312
51
348
292
17
286
872
466
790
348
942
102
756
31
247
45
368
567
161
423
870
55
359
512
369
237
544
870
323
907
369
357
666
112
240
58
45
384
543
237
112
64
474
953
180
292
875
644
0
359
919
423
136
526
250
758
268
206
711
503
871
672
167
679
39
34
236
952
324
59
731
160
45
359
466
633
774
811
423
683
236
466
790
124
466
721
680
195
425
523
1
103
264
890
850
543
659
707
161
9
695
167
45
722
198
474
264
780
286
735
503
348
582
42
502
722
871
503
292
184
579
473
941
357
139
707
259
679
893
544
425
893
860
371
372
636
190
666
804
323
907
252
731
455
35
240
568
17
153
841
747
428
787
156
236
357
428
40
870
811
195
605
0
777
680
519
400
523
679
774
442
502
864
161
812
510
420
780
935
711
100
11
774
184
591
57
456
58
672
815
295
720
814
384
953
480
139
683
850
156
818
158
89
746
545
372
400
942
854
343
684
357
227
230
649
907
153
567
323
59
483
644
832
756
19
711
256
492
544
512
707
348
541
568
695
230
247
426
167
919
212
678
758
503
942
854
66
767
492
307
683
368
358
268
30
935
286
659
161
359
383
384
58
139
777
89
693
672
323
790
871
64
636
418
195
426
127
24
167
486
451
563
934
672
767
24
299
812
58
934
533
815
359
160
17
510
264
893
230
568
774
787
787
686
711
79
59
404
418
847
237
229
670
887
579
428
492
356
371
486
50
79
940
138
167
483
79
593
934
356
167
415
34
195
851
605
680
683
812
654
455
545
415
363
307
502
186
811
324
503
100
683
358
780
707
720
7
909
747
93
854
198
186
102
273
299
250
836
787
418
310
460
1
